49
Burrowing_owl_1         0.0000000 0.0236947 0.0630601 0.0000010 0.0552240 0.0440411 0.0970246 0.0422279 0.0434767 0.0326334 0.0223688 0.0018961 0.0250645 0.0000010 0.0599922 0.0430320 0.1019221 0.0993274 0.0389371 0.0477771 0.0345420 0.0923063 0.0923063 0.0775480 0.1142932 0.0484239 0.0264750 0.0264750 0.0264750 0.0041147 0.0359251 0.0715916 0.0345180 0.0260507 0.0358765 0.0512530 0.0475915 0.0000010 0.0350448 0.0266238 0.0534364 0.0451741 0.0685473 0.0499535 0.0000010 0.0041159 0.0237297 0.0264832 0.0152656 
Burrowing_owl_2         0.0236947 0.0000000 0.0375398 0.0000010 0.0397830 0.0189601 0.0679605 0.0411110 0.0407240 0.0000010 0.0000010 0.0000010 0.0013342 0.0000010 0.0484464 0.0398257 0.0903857 0.0861046 0.0389371 0.0405878 0.0318284 0.0918798 0.0918798 0.0495636 0.0844213 0.0451773 0.0013331 0.0026589 0.0026632 0.0013700 0.0296892 0.0699250 0.0000010 0.0013845 0.0104161 0.0109057 0.0149097 0.0000010 0.0049930 0.0040254 0.0278669 0.0413617 0.0261057 0.0148982 0.0000010 0.0027456 0.0013364 0.0026714 0.0133168 
Burrowing_owl_3         0.0630601 0.0375398 0.0000000 0.0385909 0.0831379 0.0000010 0.0381311 0.0173258 0.0407240 0.0409132 0.0376753 0.0000010 0.0389877 0.0000010 0.0392559 0.0583564 0.0762238 0.0690511 0.0319691 0.0406421 0.0318284 0.3532869 0.3532869 0.0378138 0.0726888 0.0362263 0.0389969 0.0389969 0.0389969 0.0400891 0.0741921 0.0647592 0.0409132 0.0405749 0.0105402 0.0764492 0.0118921 0.0000010 0.0033146 0.0421107 0.0127033 0.0270468 0.0995407 0.0118921 0.0000010 0.0400794 0.0390579 0.0390579 0.0133168 
Burrowing_owl_4         0.0000010 0.0000010 0.0385909 0.0000000 0.0148750 0.0194975 0.0685280 0.0229675 0.0289940 0.0000010 0.0000010 0.0018961 0.0027409 0.0000010 0.0327139 0.0308288 0.0805929 0.0695584 0.0389371 0.0322604 0.0233902 0.0799480 0.0799480 0.0512098 0.0872001 0.0277179 0.0027415 0.0027415 0.0027415 0.0027415 0.0029690 0.0699412 0.0018774 0.0028472 0.0107393 0.0136781 0.0154601 0.0000010 0.0068842 0.0041377 0.0271108 0.0279839 0.0274192 0.0154142 0.0000010 0.0027456 0.0013735 0.0027456 0.0133369 
Burrowing_owl_5         0.0552240 0.0397830 0.0831379 0.0148750 0.0000000 0.0629892 0.1218333 0.0372832 0.0443881 0.0560526 0.0384898 0.0018913 0.0412814 0.0000010 0.0735527 0.0274077 0.1244185 0.1171191 0.0389371 0.0485996 0.0360746 0.0855228 0.0855228 0.0987843 0.1407455 0.0421119 0.0427238 0.0427238 0.0427238 0.0177864 0.0100513 0.0586147 0.0580691 0.0430099 0.0549592 0.0824497 0.0691800 0.0000010 0.0565516 0.0430526 0.0731647 0.0426343 0.1049633 0.0774502 0.0000010 0.0179279 0.0383856 0.0415050 0.0294649 
Burrowing_owl_6         0.0440411 0.0189601 0.0000010 0.0194975 0.0629892 0.0000000 0.0243599 0.0174012 0.0407240 0.0157400 0.0190292 0.0000010 0.0204193 0.0000010 0.0335017 0.0380896 0.0689238 0.0616850 0.0223979 0.0406421 0.0318284 0.2511114 0.2511114 0.0174541 0.0504850 0.0313609 0.0204242 0.0204242 0.0204242 0.0210031 0.0537715 0.0647592 0.0157400 0.0212607 0.0105402 0.0452348 0.0118921 0.0000010 0.0033146 0.0234662 0.0084813 0.0223133 0.0659645 0.0118921 0.0000010 0.0209980 0.0204564 0.0204564 0.0133168 
Burrowing_owl_7         0.0970246 0.0679605 0.0381311 0.0685280 0.1218333 0.0243599 0.0000000 0.0450007 0.0728195 0.0841404 0.0679605 0.0318989 0.0695488 0.0214574 0.0694619 0.0925233 0.0367741 0.0447652 0.0611757 0.0690565 0.0275310 0.3818971 0.3818971 0.0552766 0.0380393 0.0663485 0.0881282 0.0695664 0.0695664 0.0701857 0.1123770 0.0954318 0.0841404 0.0726456 0.0376701 0.1378635 0.0437416 0.0214574 0.0347907 0.0696070 0.0400698 0.0523232 0.1697356 0.0437416 0.0214574 0.0684702 0.0696856 0.0696856 0.0096031 
Burrowing_owl_8         0.0422279 0.0411110 0.0173258 0.0229675 0.0372832 0.0174012 0.0450007 0.0000000 0.0411521 0.0466741 0.0412800 0.0000010 0.0427595 0.0000010 0.0336594 0.0224024 0.0836933 0.0683553 0.0191509 0.0340492 0.0366581 0.2652225 0.2652225 0.0353143 0.0744307 0.0237322 0.0427709 0.0427709 0.0427709 0.0246154 0.0356464 0.0514576 0.0466741 0.0447508 0.0306822 0.0931967 0.0266053 0.0000010 0.0209960 0.0463404 0.0286271 0.0238176 0.1246777 0.0266053 0.0000010 0.0246088 0.0427595 0.0427595 0.0127479 
Burrowing_owl_9         0.0434767 0.0407240 0.0407240 0.0289940 0.0443881 0.0407240 0.0728195 0.0411521 0.0000000 0.0162229 0.0407240 0.0000010 0.0407240 0.0000010 0.0460483 0.0342854 0.1003727 0.0841106 0.0342854 0.0364456 0.0341066 0.3915978 0.3915978 0.0407240 0.0824440 0.0410220 0.0407240 0.0407240 0.0407240 0.0289940 0.0427285 0.0203496 0.0162229 0.0426973 0.0426973 0.0934111 0.0188582 0.0000010 0.0132569 0.0424739 0.0424739 0.0425981 0.0358124 0.0188582 0.0000010 0.0289940 0.0407240 0.0407240 0.0127479 
Burrowing_owl_10        0.0326334 0.0000010 0.0409132 0.0000010 0.0560526 0.0157400 0.0841404 0.0466741 0.0162229 0.0000000 0.0000010 0.0000010 0.0000010 0.0000010 0.0544711 0.0454746 0.1148752 0.1087815 0.0417433 0.0279865 0.0402058 0.2210117 0.2210117 0.0565821 0.1059706 0.0506304 0.0018088 0.0018360 0.0000010 0.0000010 0.0398441 0.0346694 0.0018088 0.0000010 0.0041662 0.0056004 0.0118865 0.0000010 0.0059486 0.0036447 0.0257595 0.0445945 0.0056399 0.0118756 0.0000010 0.0018818 0.0000010 0.0018128 0.0163119 
Budgeriger_1            0.0223688 0.0000010 0.0376753 0.0000010 0.0384898 0.0190292 0.0679605 0.0412800 0.0407240 0.0000010 0.0000000 0.0000010 0.0013386 0.0000010 0.0485355 0.0384393 0.0903857 0.0861046 0.0374069 0.0373138 0.0318284 0.0918798 0.0918798 0.0484569 0.0844213 0.0453630 0.0013389 0.0013389 0.0013389 0.0013762 0.0298000 0.0649582 0.0000010 0.0013893 0.0104355 0.0109655 0.0133071 0.0000010 0.0050139 0.0013396 0.0278669 0.0381353 0.0261057 0.0133071 0.0000010 0.0013783 0.0013409 0.0013409 0.0133168 
Chicken_1               0.0018961 0.0000010 0.0000010 0.0018961 0.0018913 0.0000010 0.0318989 0.0000010 0.0000010 0.0000010 0.0000010 0.0000000 0.0018930 0.0000010 0.0057315 0.0095281 0.0635753 0.0447932 0.0076397 0.0114519 0.0234823 1.0441523 1.0441523 0.0018930 0.0427641 0.0018930 0.0018930 0.0018930 0.0018930 0.0018930 0.0018930 0.0057928 0.0023163 0.0019959 0.0000010 0.0210819 0.0018930 0.0000010 0.0018930 0.0057327 0.0019063 0.0057093 0.0170774 0.0018930 0.0000010 0.0018930 0.0000010 0.0018930 0.0106235 
Darkeyed_junco_1        0.0250645 0.0013342 0.0389877 0.0027409 0.0412814 0.0204193 0.0695488 0.0427595 0.0407240 0.0000010 0.0013386 0.0018930 0.0000000 0.0000010 0.0499255 0.0429225 0.0920000 0.0877174 0.0405695 0.0423082 0.0318284 0.0985247 0.0985247 0.0496595 0.0860265 0.0467315 0.0026654 0.0026654 0.0026654 0.0027392 0.0311270 0.0700097 0.0000010 0.0000010 0.0089251 0.0086969 0.0149230 0.0000010 0.0049826 0.0053689 0.0293356 0.0430191 0.0261057 0.0132246 0.0000010 0.0000010 0.0000010 0.0000010 0.0133168 
Golden_eagle_1          0.0000010 0.0000010 0.0000010 0.0000010 0.0000010 0.0000010 0.0214574 0.0000010 0.0000010 0.0000010 0.0000010 0.0000010 0.0000010 0.0000000 0.0059258 0.0059258 0.0534750 0.0344590 0.0059258 0.0059258 0.0234823 1.0441523 1.0441523 0.0000010 0.0344043 0.0000010 0.0000010 0.0000010 0.0000010 0.0000010 0.0000010 0.0000010 0.0000010 0.0000010 0.0000010 0.0183223 0.0000010 0.0000010 0.0000010 0.0019659 0.0019659 0.0019659 0.0183223 0.0000010 0.0000010 0.0000010 0.0000010 0.0000010 0.0000010 
Japanese_quail_1        0.0599922 0.0484464 0.0392559 0.0327139 0.0735527 0.0335017 0.0694619 0.0336594 0.0460483 0.0544711 0.0485355 0.0057315 0.0499255 0.0059258 0.0000000 0.0295709 0.0491794 0.0288798 0.0031642 0.0380503 0.0253536 0.2873117 0.2873117 0.0361688 0.0710354 0.0296987 0.0469700 0.0469700 0.0469700 0.0312220 0.0609890 0.0702500 0.0544711 0.0519988 0.0320252 0.0884660 0.0340369 0.0059740 0.0273141 0.0515659 0.0411087 0.0371366 0.1102094 0.0340369 0.0059740 0.0327552 0.0499255 0.0499255 0.0191836 
Japanese_quail_2        0.0430320 0.0398257 0.0583564 0.0308288 0.0274077 0.0380896 0.0925233 0.0224024 0.0342854 0.0454746 0.0384393 0.0095281 0.0429225 0.0059258 0.0295709 0.0000000 0.0751927 0.0682759 0.0173200 0.0376015 0.0169366 0.1426448 0.1426448 0.0641388 0.1026143 0.0192446 0.0413204 0.0397121 0.0397922 0.0291932 0.0228573 0.0704789 0.0470096 0.0447876 0.0351543 0.0790917 0.0476769 0.0059740 0.0361684 0.0430728 0.0462433 0.0255776 0.0961503 0.0473017 0.0059740 0.0338959 0.0414167 0.0444231 0.0255533 
Japanese_quail_3        0.1019221 0.0903857 0.0762238 0.0805929 0.1244185 0.0689238 0.0367741 0.0836933 0.1003727 0.1148752 0.0903857 0.0635753 0.0920000 0.0534750 0.0491794 0.0751927 0.0000000 0.0119209 0.0480315 0.0857173 0.0252855 0.2990433 0.2990433 0.0683508 0.0299778 0.0793918 0.0887756 0.0887756 0.0887756 0.0789672 0.1110271 0.1245475 0.1148752 0.0961467 0.0724295 0.1704204 0.0741279 0.0494477 0.0688321 0.0920790 0.0751124 0.0859336 0.2025421 0.0741279 0.0494477 0.0822239 0.0920000 0.0920000 0.0174354 
Japanese_quail_4        0.0993274 0.0861046 0.0690511 0.0695584 0.1171191 0.0616850 0.0447652 0.0683553 0.0841106 0.1087815 0.0861046 0.0447932 0.0877174 0.0344590 0.0288798 0.0682759 0.0119209 0.0000000 0.0344633 0.0738582 0.0190506 0.3206968 0.3206968 0.0626415 0.0419002 0.0640674 0.0844960 0.0844960 0.0844960 0.0679311 0.1036421 0.1085058 0.1087815 0.0916705 0.0647764 0.1627241 0.0673088 0.0303103 0.0619844 0.0877925 0.0714205 0.0705307 0.1941985 0.0673088 0.0303103 0.0696533 0.0877174 0.0877174 0.0174354 
Japanese_quail_5        0.0389371 0.0389371 0.0319691 0.0389371 0.0389371 0.0223979 0.0611757 0.0191509 0.0342854 0.0417433 0.0374069 0.0076397 0.0405695 0.0059258 0.0031642 0.0173200 0.0480315 0.0344633 0.0000000 0.0253784 0.0169366 0.2772984 0.2772984 0.0285018 0.0645529 0.0127326 0.0373084 0.0373084 0.0373084 0.0373084 0.0373084 0.0585769 0.0417433 0.0424398 0.0168497 0.0786115 0.0208937 0.0059740 0.0114488 0.0423634 0.0256132 0.0256237 0.1007670 0.0208937 0.0059740 0.0405695 0.0405695 0.0405695 0.0171122 
Japanese_quail_6        0.0477771 0.0405878 0.0406421 0.0322604 0.0485996 0.0406421 0.0690565 0.0340492 0.0364456 0.0279865 0.0373138 0.0114519 0.0423082 0.0059258 0.0380503 0.0376015 0.0857173 0.0738582 0.0253784 0.0000000 0.0191362 0.3087864 0.3087864 0.0439547 0.0786695 0.0356220 0.0439056 0.0439547 0.0422518 0.0321904 0.0469973 0.0377351 0.0302849 0.0443526 0.0408655 0.0854816 0.0303720 0.0059740 0.0228774 0.0428562 0.0390584 0.0305208 0.0544560 0.0303511 0.0059740 0.0339058 0.0406421 0.0439695 0.0171122 
Japanese_quail_7        0.0345420 0.0318284 0.0318284 0.0233902 0.0360746 0.0318284 0.0275310 0.0366581 0.0341066 0.0402058 0.0318284 0.0234823 0.0318284 0.0234823 0.0253536 0.0169366 0.0252855 0.0190506 0.0169366 0.0191362 0.0000000 1.0433126 1.0433126 0.0318284 0.0318289 0.0366039 0.0318284 0.0318284 0.0318284 0.0233902 0.0359609 0.0255751 0.0402058 0.0337808 0.0337808 0.0867260 0.0319534 0.0234823 0.0319534 0.0340043 0.0340043 0.0394409 0.0875966 0.0319534 0.0234823 0.0233902 0.0318284 0.0318284 0.0109301 
Japanese_quail_8        0.0923063 0.0918798 0.3532869 0.0799480 0.0855228 0.2511114 0.3818971 0.2652225 0.3915978 0.2210117 0.0918798 1.0441523 0.0985247 1.0441523 0.2873117 0.1426448 0.2990433 0.3206968 0.2772984 0.3087864 1.0433126 0.0000000 0.0000010 0.4276063 0.4276063 0.2708313 0.0852621 0.0852621 0.0852621 0.0732415 0.0789005 0.5160944 0.2210117 0.0987964 0.1911867 0.0610280 1.3172321 1.0441523 1.2217905 0.0918798 0.3097610 0.2768642 0.1207595 1.3172321 1.0441523 0.0874065 0.0985247 0.0985247 1.0574357 
Japanese_quail_9        0.0923063 0.0918798 0.3532869 0.0799480 0.0855228 0.2511114 0.3818971 0.2652225 0.3915978 0.2210117 0.0918798 1.0441523 0.0985247 1.0441523 0.2873117 0.1426448 0.2990433 0.3206968 0.2772984 0.3087864 1.0433126 0.0000010 0.0000000 0.4276063 0.4276063 0.2708313 0.0852621 0.0852621 0.0852621 0.0732415 0.0789005 0.5160944 0.2210117 0.0987964 0.1911867 0.0610280 1.3172321 1.0441523 1.2217905 0.0918798 0.3097610 0.2768642 0.1207595 1.3172321 1.0441523 0.0874065 0.0985247 0.0985247 1.0574357 
Mallard_1               0.0775480 0.0495636 0.0378138 0.0512098 0.0987843 0.0174541 0.0552766 0.0353143 0.0407240 0.0565821 0.0484569 0.0018930 0.0496595 0.0000010 0.0361688 0.0641388 0.0683508 0.0626415 0.0285018 0.0439547 0.0318284 0.4276063 0.4276063 0.0000000 0.0298957 0.0181288 0.0481261 0.0492966 0.0480282 0.0480839 0.0832934 0.0717105 0.0558369 0.0517041 0.0119085 0.0954787 0.0081887 0.0000010 0.0000010 0.0529790 0.0229320 0.0354688 0.1182990 0.0065260 0.0000010 0.0508968 0.0498410 0.0511741 0.0133168 
Mallard_2               0.1142932 0.0844213 0.0726888 0.0872001 0.1407455 0.0504850 0.0380393 0.0744307 0.0824440 0.1059706 0.0844213 0.0427641 0.0860265 0.0344043 0.0710354 0.1026143 0.0299778 0.0419002 0.0645529 0.0786695 0.0318289 0.4276063 0.4276063 0.0298957 0.0000000 0.0551862 0.0828201 0.0828201 0.0828201 0.0855460 0.1277256 0.1089716 0.1059706 0.0898857 0.0456637 0.1686445 0.0417188 0.0344043 0.0365984 0.0860998 0.0561573 0.0709933 0.2003567 0.0417188 0.0344043 0.0868532 0.0861972 0.0861972 0.0076897 
Mallard_3               0.0484239 0.0451773 0.0362263 0.0277179 0.0421119 0.0313609 0.0663485 0.0237322 0.0410220 0.0506304 0.0453630 0.0018930 0.0467315 0.0000010 0.0296987 0.0192446 0.0793918 0.0640674 0.0127326 0.0356220 0.0366039 0.2708313 0.2708313 0.0181288 0.0551862 0.0000000 0.0434407 0.0434407 0.0434407 0.0244239 0.0372092 0.0567233 0.0504821 0.0489028 0.0330520 0.1003931 0.0295816 0.0000010 0.0219111 0.0504348 0.0379930 0.0334371 0.1295314 0.0275658 0.0000010 0.0276899 0.0468271 0.0467315 0.0127479 
Mallard_4               0.0264750 0.0013331 0.0389969 0.0027415 0.0427238 0.0204242 0.0881282 0.0427709 0.0407240 0.0018088 0.0013389 0.0018930 0.0026654 0.0000010 0.0469700 0.0413204 0.0887756 0.0844960 0.0373084 0.0439056 0.0318284 0.0852621 0.0852621 0.0481261 0.0828201 0.0434407 0.0000000 0.0013306 0.0000010 0.0000010 0.0281433 0.0717253 0.0000010 0.0027658 0.0119114 0.0130624 0.0165824 0.0000010 0.0049826 0.0053701 0.0293426 0.0430306 0.0261057 0.0148674 0.0000010 0.0041136 0.0026743 0.0040026 0.0133168 
Mallard_5               0.0264750 0.0026589 0.0389969 0.0027415 0.0427238 0.0204242 0.0695664 0.0427709 0.0407240 0.0018360 0.0013389 0.0018930 0.0026654 0.0000010 0.0469700 0.0397121 0.0887756 0.0844960 0.0373084 0.0439547 0.0318284 0.0852621 0.0852621 0.0492966 0.0828201 0.0434407 0.0013306 0.0000000 0.0026603 0.0000010 0.0281433 0.0717253 0.0018036 0.0027658 0.0119114 0.0130624 0.0165824 0.0000010 0.0049826 0.0053701 0.0293426 0.0430306 0.0261057 0.0148674 0.0000010 0.0041136 0.0026743 0.0040026 0.0133168 
Mallard_6               0.0264750 0.0026632 0.0389969 0.0027415 0.0427238 0.0204242 0.0695664 0.0427709 0.0407240 0.0000010 0.0013389 0.0018930 0.0026654 0.0000010 0.0469700 0.0397922 0.0887756 0.0844960 0.0373084 0.0422518 0.0318284 0.0852621 0.0852621 0.0480282 0.0828201 0.0434407 0.0000010 0.0026603 0.0000000 0.0000010 0.0281433 0.0717253 0.0000010 0.0027658 0.0119114 0.0130624 0.0165824 0.0000010 0.0049826 0.0053701 0.0293426 0.0430306 0.0261057 0.0148674 0.0000010 0.0041136 0.0026743 0.0040026 0.0133168 
Mallard_7               0.0041147 0.0013700 0.0400891 0.0027415 0.0177864 0.0210031 0.0701857 0.0246154 0.0289940 0.0000010 0.0013762 0.0018930 0.0027392 0.0000010 0.0312220 0.0291932 0.0789672 0.0679311 0.0373084 0.0321904 0.0233902 0.0732415 0.0732415 0.0480839 0.0855460 0.0244239 0.0000010 0.0000010 0.0000010 0.0000000 0.0000010 0.0717253 0.0000010 0.0028453 0.0122813 0.0136639 0.0171577 0.0000010 0.0051558 0.0055200 0.0286260 0.0296398 0.0274192 0.0153812 0.0000010 0.0041136 0.0027486 0.0041136 0.0133369 
Mallard_8               0.0359251 0.0296892 0.0741921 0.0029690 0.0100513 0.0537715 0.1123770 0.0356464 0.0427285 0.0398441 0.0298000 0.0018930 0.0311270 0.0000010 0.0609890 0.0228573 0.1110271 0.1036421 0.0373084 0.0469973 0.0359609 0.0789005 0.0789005 0.0832934 0.1277256 0.0372092 0.0281433 0.0281433 0.0281433 0.0000010 0.0000000 0.0567383 0.0397396 0.0324380 0.0453089 0.0651044 0.0530346 0.0000010 0.0417504 0.0343708 0.0639774 0.0427257 0.0863267 0.0567786 0.0000010 0.0029718 0.0311849 0.0311270 0.0127602 
Mallard_9               0.0715916 0.0699250 0.0647592 0.0699412 0.0586147 0.0647592 0.0954318 0.0514576 0.0203496 0.0346694 0.0649582 0.0057928 0.0700097 0.0000010 0.0702500 0.0704789 0.1245475 0.1085058 0.0585769 0.0377351 0.0255751 0.5160944 0.5160944 0.0717105 0.1089716 0.0567233 0.0717253 0.0717253 0.0717253 0.0717253 0.0567383 0.0000000 0.0370321 0.0733919 0.0649205 0.1498850 0.0284252 0.0000010 0.0208483 0.0699666 0.0650049 0.0548882 0.0750616 0.0282811 0.0000010 0.0716348 0.0682546 0.0716348 0.0274953 
Mallard_10              0.0345180 0.0000010 0.0409132 0.0018774 0.0580691 0.0157400 0.0841404 0.0466741 0.0162229 0.0018088 0.0000010 0.0023163 0.0000010 0.0000010 0.0544711 0.0470096 0.1148752 0.1087815 0.0417433 0.0302849 0.0402058 0.2210117 0.2210117 0.0558369 0.1059706 0.0504821 0.0000010 0.0018036 0.0000010 0.0000010 0.0397396 0.0370321 0.0000000 0.0000010 0.0041662 0.0055808 0.0138835 0.0000010 0.0059339 0.0036447 0.0257595 0.0445945 0.0056399 0.0118462 0.0000010 0.0018774 0.0000010 0.0018087 0.0163119 
Common_canary_1         0.0260507 0.0013845 0.0405749 0.0028472 0.0430099 0.0212607 0.0726456 0.0447508 0.0426973 0.0000010 0.0013893 0.0019959 0.0000010 0.0000010 0.0519988 0.0447876 0.0961467 0.0916705 0.0424398 0.0443526 0.0337808 0.0987964 0.0987964 0.0517041 0.0898857 0.0489028 0.0027658 0.0027658 0.0027658 0.0028453 0.0324380 0.0733919 0.0000010 0.0000000 0.0089251 0.0092444 0.0156289 0.0000010 0.0052188 0.0055727 0.0305503 0.0450336 0.0279067 0.0138482 0.0000010 0.0000010 0.0000010 0.0000010 0.0140450 
Common_canary_2         0.0358765 0.0104161 0.0105402 0.0107393 0.0549592 0.0105402 0.0376701 0.0306822 0.0426973 0.0041662 0.0104355 0.0000010 0.0089251 0.0000010 0.0320252 0.0351543 0.0724295 0.0647764 0.0168497 0.0408655 0.0337808 0.1911867 0.1911867 0.0119085 0.0456637 0.0330520 0.0119114 0.0119114 0.0119114 0.0122813 0.0453089 0.0649205 0.0041662 0.0089251 0.0000000 0.0262250 0.0051927 0.0000010 0.0000010 0.0134447 0.0121437 0.0275058 0.0491422 0.0051927 0.0000010 0.0092020 0.0089418 0.0089418 0.0140450 
Common_canary_3         0.0512530 0.0109057 0.0764492 0.0136781 0.0824497 0.0452348 0.1378635 0.0931967 0.0934111 0.0056004 0.0109655 0.0210819 0.0086969 0.0183223 0.0884660 0.0790917 0.1704204 0.1627241 0.0786115 0.0854816 0.0867260 0.0610280 0.0610280 0.0954787 0.1686445 0.1003931 0.0130624 0.0130624 0.0130624 0.0136639 0.0651044 0.1498850 0.0055808 0.0092444 0.0262250 0.0000000 0.0415763 0.0186719 0.0224788 0.0153921 0.0582244 0.0908550 0.0165004 0.0381610 0.0186719 0.0091228 0.0087445 0.0087207 0.0468409 
Blue_tit_1              0.0475915 0.0149097 0.0118921 0.0154601 0.0691800 0.0118921 0.0437416 0.0266053 0.0188582 0.0118865 0.0133071 0.0018930 0.0149230 0.0000010 0.0340369 0.0476769 0.0741279 0.0673088 0.0208937 0.0303720 0.0319534 1.3172321 1.3172321 0.0081887 0.0417188 0.0295816 0.0165824 0.0165824 0.0165824 0.0171577 0.0530346 0.0284252 0.0138835 0.0156289 0.0051927 0.0415763 0.0000000 0.0000010 0.0016502 0.0183553 0.0133252 0.0267837 0.0386218 0.0032702 0.0000010 0.0153614 0.0132795 0.0166316 0.0133168 
Blue_tit_2              0.0000010 0.0000010 0.0000010 0.0000010 0.0000010 0.0000010 0.0214574 0.0000010 0.0000010 0.0000010 0.0000010 0.0000010 0.0000010 0.0000010 0.0059740 0.0059740 0.0494477 0.0303103 0.0059740 0.0059740 0.0234823 1.0441523 1.0441523 0.0000010 0.0344043 0.0000010 0.0000010 0.0000010 0.0000010 0.0000010 0.0000010 0.0000010 0.0000010 0.0000010 0.0000010 0.0186719 0.0000010 0.0000000 0.0000010 0.0019819 0.0019819 0.0019819 0.0186719 0.0000010 0.0000010 0.0000010 0.0000010 0.0000010 0.0000010 
Whitethroated_sparrow_1 0.0350448 0.0049930 0.0033146 0.0068842 0.0565516 0.0033146 0.0347907 0.0209960 0.0132569 0.0059486 0.0050139 0.0018930 0.0049826 0.0000010 0.0273141 0.0361684 0.0688321 0.0619844 0.0114488 0.0228774 0.0319534 1.2217905 1.2217905 0.0000010 0.0365984 0.0219111 0.0049826 0.0049826 0.0049826 0.0051558 0.0417504 0.0208483 0.0059339 0.0052188 0.0000010 0.0224788 0.0016502 0.0000010 0.0000000 0.0100598 0.0083602 0.0211400 0.0227528 0.0000010 0.0000010 0.0034149 0.0050034 0.0049930 0.0133168 
Yellowbilled_parrot_1   0.0266238 0.0040254 0.0421107 0.0041377 0.0430526 0.0234662 0.0696070 0.0463404 0.0424739 0.0036447 0.0013396 0.0057327 0.0053689 0.0019659 0.0515659 0.0430728 0.0920790 0.0877925 0.0423634 0.0428562 0.0340043 0.0918798 0.0918798 0.0529790 0.0860998 0.0504348 0.0053701 0.0053701 0.0053701 0.0055200 0.0343708 0.0699666 0.0036447 0.0055727 0.0134447 0.0153921 0.0183553 0.0019819 0.0100598 0.0000000 0.0263839 0.0401202 0.0261057 0.0183553 0.0019819 0.0055283 0.0053779 0.0053779 0.0152413 
Yellowbilled_parrot_2   0.0534364 0.0278669 0.0127033 0.0271108 0.0731647 0.0084813 0.0400698 0.0286271 0.0424739 0.0257595 0.0278669 0.0019063 0.0293356 0.0019659 0.0411087 0.0462433 0.0751124 0.0714205 0.0256132 0.0390584 0.0340043 0.3097610 0.3097610 0.0229320 0.0561573 0.0379930 0.0293426 0.0293426 0.0293426 0.0286260 0.0639774 0.0650049 0.0257595 0.0305503 0.0121437 0.0582244 0.0133252 0.0019819 0.0083602 0.0263839 0.0000000 0.0126412 0.0797631 0.0133252 0.0019819 0.0271420 0.0293893 0.0293893 0.0152413 
Yellowbilled_parrot_3   0.0451741 0.0413617 0.0270468 0.0279839 0.0426343 0.0223133 0.0523232 0.0238176 0.0425981 0.0445945 0.0381353 0.0057093 0.0430191 0.0019659 0.0371366 0.0255776 0.0859336 0.0705307 0.0256237 0.0305208 0.0394409 0.2768642 0.2768642 0.0354688 0.0709933 0.0334371 0.0430306 0.0430306 0.0430306 0.0296398 0.0427257 0.0548882 0.0445945 0.0450336 0.0275058 0.0908550 0.0267837 0.0019819 0.0211400 0.0401202 0.0126412 0.0000000 0.1148711 0.0267837 0.0019819 0.0296318 0.0430191 0.0430191 0.0148970 
Yellowbilled_parrot_4   0.0685473 0.0261057 0.0995407 0.0274192 0.1049633 0.0659645 0.1697356 0.1246777 0.0358124 0.0056399 0.0261057 0.0170774 0.0261057 0.0183223 0.1102094 0.0961503 0.2025421 0.1941985 0.1007670 0.0544560 0.0875966 0.1207595 0.1207595 0.1182990 0.2003567 0.1295314 0.0261057 0.0261057 0.0261057 0.0274192 0.0863267 0.0750616 0.0056399 0.0279067 0.0491422 0.0165004 0.0386218 0.0186719 0.0227528 0.0261057 0.0797631 0.1148711 0.0000000 0.0386218 0.0186719 0.0275049 0.0261833 0.0261833 0.0468409 
Bengalese_finch_1       0.0499535 0.0148982 0.0118921 0.0154142 0.0774502 0.0118921 0.0437416 0.0266053 0.0188582 0.0118756 0.0133071 0.0018930 0.0132246 0.0000010 0.0340369 0.0473017 0.0741279 0.0673088 0.0208937 0.0303511 0.0319534 1.3172321 1.3172321 0.0065260 0.0417188 0.0275658 0.0148674 0.0148674 0.0148674 0.0153812 0.0567786 0.0282811 0.0118462 0.0138482 0.0051927 0.0381610 0.0032702 0.0000010 0.0000010 0.0183553 0.0133252 0.0267837 0.0386218 0.0000000 0.0000010 0.0118722 0.0132795 0.0132246 0.0133168 
Bengalese_finch_2       0.0000010 0.0000010 0.0000010 0.0000010 0.0000010 0.0000010 0.0214574 0.0000010 0.0000010 0.0000010 0.0000010 0.0000010 0.0000010 0.0000010 0.0059740 0.0059740 0.0494477 0.0303103 0.0059740 0.0059740 0.0234823 1.0441523 1.0441523 0.0000010 0.0344043 0.0000010 0.0000010 0.0000010 0.0000010 0.0000010 0.0000010 0.0000010 0.0000010 0.0000010 0.0000010 0.0186719 0.0000010 0.0000010 0.0000010 0.0019819 0.0019819 0.0019819 0.0186719 0.0000010 0.0000000 0.0000010 0.0000010 0.0000010 0.0000010 
Zebra_finch_1           0.0041159 0.0027456 0.0400794 0.0027456 0.0179279 0.0209980 0.0684702 0.0246088 0.0289940 0.0018818 0.0013783 0.0018930 0.0000010 0.0000010 0.0327552 0.0338959 0.0822239 0.0696533 0.0405695 0.0339058 0.0233902 0.0874065 0.0874065 0.0508968 0.0868532 0.0276899 0.0041136 0.0041136 0.0041136 0.0041136 0.0029718 0.0716348 0.0018774 0.0000010 0.0092020 0.0091228 0.0153614 0.0000010 0.0034149 0.0055283 0.0271420 0.0296318 0.0275049 0.0118722 0.0000010 0.0000000 0.0000010 0.0000010 0.0133369 
Zebra_finch_2           0.0237297 0.0013364 0.0390579 0.0013735 0.0383856 0.0204564 0.0696856 0.0427595 0.0407240 0.0000010 0.0013409 0.0000010 0.0000010 0.0000010 0.0499255 0.0414167 0.0920000 0.0877174 0.0405695 0.0406421 0.0318284 0.0985247 0.0985247 0.0498410 0.0861972 0.0468271 0.0026743 0.0026743 0.0026743 0.0027486 0.0311849 0.0682546 0.0000010 0.0000010 0.0089418 0.0087445 0.0132795 0.0000010 0.0050034 0.0053779 0.0293893 0.0430191 0.0261833 0.0132795 0.0000010 0.0000010 0.0000000 0.0000010 0.0133485 
Zebra_finch_3           0.0264832 0.0026714 0.0390579 0.0027456 0.0415050 0.0204564 0.0696856 0.0427595 0.0407240 0.0018128 0.0013409 0.0018930 0.0000010 0.0000010 0.0499255 0.0444231 0.0920000 0.0877174 0.0405695 0.0439695 0.0318284 0.0985247 0.0985247 0.0511741 0.0861972 0.0467315 0.0040026 0.0040026 0.0040026 0.0041136 0.0311270 0.0716348 0.0018087 0.0000010 0.0089418 0.0087207 0.0166316 0.0000010 0.0049930 0.0053779 0.0293893 0.0430191 0.0261833 0.0132246 0.0000010 0.0000010 0.0000010 0.0000000 0.0133485 
American_ostrich_1      0.0152656 0.0133168 0.0133168 0.0133369 0.0294649 0.0133168 0.0096031 0.0127479 0.0127479 0.0163119 0.0133168 0.0106235 0.0133168 0.0000010 0.0191836 0.0255533 0.0174354 0.0174354 0.0171122 0.0171122 0.0109301 1.0574357 1.0574357 0.0133168 0.0076897 0.0127479 0.0133168 0.0133168 0.0133168 0.0133369 0.0127602 0.0274953 0.0163119 0.0140450 0.0140450 0.0468409 0.0133168 0.0000010 0.0133168 0.0152413 0.0152413 0.0148970 0.0468409 0.0133168 0.0000010 0.0133369 0.0133485 0.0133485 0.0000000 
